11001001011010000110001111011100100110111100011101100110010010100110110110101011110001110001100110100110000100001110010110110110010000000001010111000001011001101011010111010101001110101101101001011010
100
00110011001000000011001100111011110100011100111011110101100000100000100111010011010000000100110000001011001000001001011010010110001100011111010110100011010111000011001111001010011100100001011010001010
400
00010001100111010101000100101111101000011100111010110001000011000111001101101010100101100010100100001011010010101001111011001110111100110110011000111101001100011000100001111111000101101011010110001001
500
00000010100000110011100001000000100101000010100010010000110100111101001110010111100100010110000011100111111001011011001011110111100100101100101101001010111100110101111010000000111111100001000001010010
300
00011010111100000101000101100110000000010000110001000101101001000011010010010101000000000000001011110101011000100111001000110011110110010101001100111010100000000111010010100110111010100011100101101000
250
